[觀光]
2727,2729,2707,2704,2702,
2731,2732,2723,

[營建]
6219,2501,3703,5519,2504,
2515,2538,5511,5534,1808,
5508,2841,3056,5213,5525,
6177,8913,2597,2524,2535,
6186,2534,2545,2548,2542,
2520,5512,5522,2546,2511,
2547,4113,

[鋼鐵]
9958,2014,5015,5009,2002,
2013,2027,2006,8415,1532,
8349,2009,2023,2030,2015,
2022,2031,2034,2221,9927,
2069,

[橡膠]
2101,2106,2105,2103,2107,
2104,2108,

[製鞋]
8404,1340,9904,9802,9938,
9910,

[電機]
4540,1589,3167,5288,1597,
1590,1527,2049,1558,8996,
1514,1507,4532,1504,1513,
1526,1560,4538,4549,1611,
1591,4552,4560,8374,1599,
8027,1515,2070,1519,
1626,1539,2371,6609,

[電線電纜*]
1609,1605,

[塑膠]
1314,4303,1305,6505,4306,
1323,1301,1304,1308,1309,
1303,1310,1312,1313,1326,
1262,

[造紙]
1902,1904,1905,1907,1906,
1909,

[高爾夫球*]
8938,6670,8924,

[航運]
2610,2618,2615,2603,2613,
2609,2617,2606,2208,2605,
2612,2636,2607,2637,2633,

[紡織纖維]
4433,4426,4438,1402,1417,
4414,1440,1477,1409,1472,
1457,1455,1476,1463,4417,
1444,1439,1434,

[食品]
1229,1201,1215,1210,1256,
1218,1231,1227,1737,1216,
1702,

[飛機零組件]
8222,3004,4541,4916,2634,

[玻璃*]
1802,

[其他*]
9937,6578,8462,8489,9940,
2939,8916,8936,9942,8341,
9934,9911,5871,6581,6803,
8422,8437,8482,8499,8942,
9907,9925,9933,9943,8473,
8926,2348,9935,9917,1240,
9939,1736,9941,9924,4536,
5530,8464,9945,

[汽車零組件]
1525,4528,1536,6605,1533,
2233,4566,1522,1319,1338,
1586,3522,6279,2228,2231,
2239,4564,9951,4551,

[汽車]
2204,2201,2206,2207,2227,

[自行車*]
9914,5306,9921,8933,

[百貨*]
8429,2601,2905,5904,5907,
2913,8066,2929,2915,2908,
5903,2912,2903,

[水泥]
1103,1101,1102,

[文化創意]
4803,8497,8446,

[化學工業]
4716,4766,6509,4714,4725,
4764,1316,1723,1718,1730,
1717,1710,1709,4148,1708,
1711,1787,1712,1714,4763,
1773,1722,3708,

[網路相關*]
8454,5278,5287,8044,2614,

[遊戲]
3546,3083,5478,6111,6180,
5263,4994,3293,3687,

[軟體系統整合*]
5210,5310,5203,6221,6231,
3570,3029,6163,6486,6148,
2433,6112,6214,3147,4953,
2480,2453,

[金融證券]
6024,2855,6005,

[金融銀行]
2809,2834,2838,2845,2801,
2812,2820,5876,

[金融保險]
2816,2850,2867,2823,

[金融金控]
2886,2883,2892,2888,5880,
5820,2881,2882,2884,2887,
2889,2890,2891,2880,2885,
