[顯示器*]
2442,2489

[觸控面板]
3049,6456,3673,6283,5220,

[機殼]
2474,2354,1569,8210,3013,
5264,5426,3540,3693,6235,

[模具製造*]
4912,3607,2415,6668,4942,

[儀器設備工程]
3413,8064,3680,2464,2360,
2467,6196,6532,3583,6613,
6187,6192,3563,8091,3018,
6654,5536,2493,2404,8383,
3402,6139,6125,3030,3580,
6234,6215,5443,6425,2423,
6438,3455,3535,

[網通]
3419,2345,3704,5388,4906,
3047,2332,8011,3380,3558,
4977,3596,3706,3062,3694,
2444,6561,6416,3234,6142,
6143,

[電源供應器]
2413,3015,8109,2420,2457,
6412,6203,3078,6282,6409,
2431,

[電信服務*]
3682,2412,3045,4904,

[電池相關]
6558,4721,6121,4739,3211,
3323,1537,3625,5227,8038,

[電子代工*]
2301,2308,2312,2317,2352,
4938,

[資訊通路*]
2347,2373,6118,6123,6170,

[筆記型電腦*]
2324,2353,2356,2357,2362,
2377,2382,2405,3005,3231,

[散熱模組]
3017,3071,3324,3338,3540,
3483,3653,6230,6275,6591,

[連接元件]
2328,2351,2392,3003,3011,
3023,3092,3202,3217,3322,
3501,3511,3526,3533,3550,
3605,3665,4943,5285,5392,
5457,6158,6190,6220,6290,
6418,8431,

[通訊設備]
2314,2419,2485,3025,3081,
3152,3163,3363,3491,3499,
4903,4908,4979,6285,6426,
6442,6470,6674,

[被動元件]
2327,2375,2428,2456,2472,
2478,2484,2492,3026,3041,
3090,3221,3236,3313,3537,
3624,4760,5317,6127,6155,
6173,6175,6207,6224,6284,
6449,8042,8043,8182,8163,

[掃描器*]
4974,

[商業自動化*]
6206,8076,8114,

[砷化鎵]
2455,3105,4971,4991,8086,

[消費電子*]
1604,2374,2385,2417,2488,
2498,3541,3642,4915,5474,
6197,6277,6431,

[矽晶圓]
3016,3532,3707,5483,
6182,6488,

[其他*]
2059,3060,3303,

[安全監控*]
2390,3128,3356,3454,5489,

[光學鏡頭]
3008,3019,3059,3362,3406,
3441,3504,3630,3712,4976,
6209,

[光碟片*]
1785,2323,2349,

[半導體*]
2330,2338,2342,5347,8028,

[主機板*]
2331,2376,2399,2425,3515,
6161,

[太陽能]
2406,3576,3691,6244,6443,
6477,

[工業電腦]
2395,3022,3088,3479,3594,
3611,6166,6245,6414,8050,

[PC介面卡]
2465,5386,5450,6150,

[PCB製造]
2313,2316,2355,2367,2368,
2383,2402,3037,3044,3144,
3189,3321,3390,3645,4909,
4927,4939,4958,4989,5349,
5439,5464,5469,6108,6114,
6141,6153,6156,6191,6291,
6269,6278,6552,8039,8046,
8155,8183,8213,

[PCB材料設備]
1815,5340,5475,5481,6213,
6266,6274,6664,8358,

[NB與手機零組件]
1582,2439,3206,3272,3311,
3376,3508,3548,4999,5223,
6188,

[LED及光元件]
2302,2340,2393,2426,2448,
2481,2499,3317,3346,3437,
3450,3698,4956,5281,5299,
5305,5425,6168,6226,6288,
6435,6548,8255,8261,

[LCD零組件]
4933,8240,6176,6120,8215,
3149,8085,3557,5371,5234,
5243,4960,

[LCDTFT面板]
8105,8069,2409,8049,3615,
3481,8104,6116,

[LCDSTN面板]
5315,3038,6167,5432,

[IC通路*]
3360,3312,6189,3048,3114,
5434,3033,3224,3702,2359,
8070,8112,3388,3010,3028,
3036,6227,

[IC設計]
2363,6129,6104,4952,4961,
5274,6568,4919,2388,6233,
5471,6531,6138,3094,3041,
3014,3141,6533,2458,3661,
2436,6643,3529,3556,2454,
8081,3227,3169,6411,4966,
3034,2379,3257,2401,6202,
2303,3035,8299,3527,4947,
3545,6462,5269,4968,3530,
3443,6415,8016,

[Ic封測]
3289,6451,3264,6147,6510,
8150,2449,2329,6239,8110,
6525,2369,3711,2441,6146,
6257,6261,6223,6271,6238,
8131,3265,3374,3587,

[DRAM]
2344,3006,2408,8271,3260,
2337,4967,2451,5289,5351,

[生技醫療器材與服務]
4164,1784,4728,1783,6612,
4736,1733,1813,4116,4173,
4129,4163,1786,6499,8403,
3218,4126,6615,4104,4107,
1565,8406,6504,4171,

[生技製藥]
3176,1795,6472,4123,1760,
6576,4144,4120,3705,4130,
4162,6452,4157,6496,4167,
4108,4114,1720,4105,4174,
4726,6541,6547,4746,
4142,1701,4119,4147,1789,
6497,6446,

[生計保健食品與美妝品]
8279,3205,4190,4743,4128,
8436,4137,6666,1707,4109,


