[黃金概念股]
3037,1785,

[比特幣概念股]
3661,3035,6150,2465,2399,

[TWS概念股]
4943,2439,4915,2367,8039,
6269,3144,6208,3583,

[IC設計ASIC]
3443,3661,3035,4968,

[台積概念設備廠]
1560,2360,3583,3587,3680,
2464,6187,

[台積概念晶圓薄化]
8028,

[台積概念股]
3289,3587,6223,6510,2404,
6683,6196,3551,6532,3680,
2464,5434,3131,3374,

[MOSFET]
8261,6435,3317,5299,

[AM族群]
1319,1522,6605,

[TESLA]
1525,1536,1586,2066,3665,
6288,4551,2239,9951,4721,
3004,2360,2231,4739,6279,
2351,6275,2421,3003,2458,
3552,4938,

[WIFI6]
2357,3558,5388,6285,2379,
2454,4968,2455,3105,8086,
2345,6271,3596,6257,

[APPLE]
2330,2317,3008,3105,6269,
2354,2474,

[APPLE_鍵盤]
2387,4935,5215,

[PCB_CCL]
6213,6274,2383,

[塑膠_SM]
1326,1310,1312,

[塑膠_PVC]
1301,1305,

[散熱風扇]
2421,6591,

[PCB_LTCC]
3152,6271,

[COF]
8150,6552,6147,

[IC設計_MCU]
6202,4919,5471,

[健身]
8462,1736,1598,1515,

[光通訊]
4977,3081,6426,

[PCB_銅箔基板]
8358,4989,

[隱形眼鏡]
1565,8406,

[IC測試載板]
6510,6683,6141,

[PCB_ABF]
3037,3189,8046,

[mini_led]
2448,2393,3437,3698,3031,
6278,6261,

[AMD]
3037,8046,5269,2376,3515,
6411,6150,6669,8358,3041,
3533,2330,6138,3653,

[口罩]
6504, 9919, 1325,

[風電概念]
9958,3708,1589,2208,1519,
2031,1609,1513,3202,

[導線架]
2351,6548,5285,2486,

