[油電燃氣指標] skip
6505,1434,9908,8926,9937,
9926,1714,8908,9918,8917,
2616,8927,9931,8931,2904,

[水泥指標] skip
1101,1102,9930,1104,2504,
1103,1110,8936,1109,8463,
5515,1108,5520,

[大宗物資指標] skip
1229,1210,1232,1702,1225,
1215,1218,1219,1235,3313,
1220,1240,

[綜合食物指標] skip
1216,1227,4123,1234,1201,
1218,1264,1231,1203,1737,
4205,1256,1233,1217,8905,
4207,1220,1236,4712,1258,

[塑膠原料指標] skip
6505,1301,1326,1303,1723,
1312,1313,1304,1310,1305,
1308,1321,1309,

[塑膠製品指標] skip
1303,1307,4306,1321,
2107,1315,1323,1341,6508,
4305,1337,4303,3171,4304,

[加工絲指標] skip
1402,1444,1455,1457,1459,
1452,1445,1413,4406,

[紡織指標] skip
1440,1414,1441,1453,1456,
1418,

[尼龍指標] skip
1434,1314,1447,1455,4401,
1472,1466,

[成衣指標] skip
1476,1477,1419,4438,4414,
8916,1451,8429,1473,1417,
1467,4432,2916,5906,

[染整指標] skip
1463,1410,1470,

[長織布指標] skip
1476,1434,1419,1464,4426,
1460,1446,1468,1470,1465,
4420,1474,1454,1445,4433,
4429,1449,4413,4419,1475,

[不織布指標] skip
6504,9919,9944,4430,1325,
8929,

[聚酯纖維指標] skip
1303,1402,1710,1440,1409,
1718,1444,

[工具機械指標] skip
1583,4526,1530,4563,6609,
4533,4510,1540,4513,

[手工具機業指標] skip
1515,1527,1541,1539,1570,
1538,

[重電業指標] skip
1504,1503,1537,1513,1519,
1514,8374,3426,1593,1529,
4550,

[家具指標] skip
2371,1504,6281,1614,1604,
1611,2430,6201,1626,3024,
4930,4972,6275,2937,4609,

[機械零組件指標] skip
2049,1590,4532,4551,1560,
4540,1589,1597,4552,8083,
2233,4555,4560,4568,4561,
4538,4534,2067,

[產業機械指標] skip
1580,6671,4562,1528,6603,
4744,3379,

[飛機零組件指標] skip
2634,5007,5009,5538,8383,
3004,2630,4916,4541,8222,
1584,

[電線電纜指標]
2371,1605,1608,1609,
1612,1618,1617,1615,2440,
1616,2061,

[化工指標] skip
1722,1723,1717,1710,4766,
1773,1726,1711,4739,
1709,4306,1712,1714,3708,
4725,4764,4721,1708,4746,

[清潔用品指標] skip
1730,1731,1732,

[農藥指標] skip
1712,4141,6508,

[合成樹酯指標] skip
1717,4766,3708,4722,1316,
1735,6506,4716,4714,1776,
4711,

[電池材料相關指標]
4739,4721,5227,8038,

[原料藥指標]
1789,3705,4119,4167,4746,
1777,8279,1762,1799,4102,

[西藥製藥指標] 
4147,6446,4123,4105,1795,
4162,6452,4157,3705,3176,
1760,4152,1720,6492,
6535,4743,4114,1701,6472,

[醫療產品指標]
1565,8406,4736,4107,4104,
6499,4126,1786,4163,4129,
1733,4728,4737,6612,4106,
4155,1783,4161,4188,4111,

[醫療服務指標] 
8403,3218,6615,4139,

[膠帶貼紙指標] skip
4306,6509,8354,1324,

[醫療器材通路指標]
4104,4164,1788,4745,4175,
4138,5398,

[保健品指標]
8436,1707,4128,1720,4743,
1734,3164,8279,4911,3205,
1796,6242,4109,6236,4154,
4127,

[生物科技指標]
4148,4133,1784,4171,3118,
6578,4160,

[光學鏡片指標]
1565,8406,1813

[藥品通路指標]
4104,4114,4120,8403,6469,
4144,6496,1731,4175,6130,
4173,

[建材指標] skip
1802,1507,8942,4506,8444,
2597,8466,6655,1806,
8424,1809,5455,8930,5543,

[家居用品指標] skip
8482,9911,9924,9934,2062,
8427,8066,9935,1810,1817,
2936,6195,8342,1438,4950,
6616,

[造紙指標] skip
1904,1907,1909,1905,1903,
1906,

[不鏽鋼指標] skip
2027,2035,2034,5009,
5538,2030,2069,2007,5015,
2063,5014,2221,2032,9962,
1584,

[平板鋼指標] skip
2002,2006,2023,2014,2031,
2010,2029,2020,2028,2008,

[非鐵金屬指標] skip
9927,2009,2358,

[線材盤元指標] skip
8415,5007,8349,2012,3004,
5013,2022,2007,2066,2017,
5016,2063,1591,2064,2065,
2024,2033,5011,

[條鋼指標] skip
2002,2015,2006,2014,9958,
2010,2013,2020,2028,2008,
5016,2038,2064,2024,6248,

[橡膠原料] skip
2104,2103,2108,6582,8423,

[橡膠輪胎指標] skip
2105,2106,2101,9942,2107,
2114,2102,2109,5102,

[汽車股指標] skip
2207,2227,2204,2201,9941,
2206,4529,

[機車相關指標] skip
2206,5288,1599,5276,

[汽車零組件指標]
2231,1536,1319,2239,1532,
6605,4551,6279,8255,1522,
2228,1338,1525,2233,4528,
1521,1533,3226,4566,2115,

[3C通路指標]
2347,2362,2450,6281,2430,
2414,3213,3709,5410,6154,
6118,2937,2321,4530,8067,

[IC封測指標]
3711,6239,6147,2449,2441,
8150,6271,8131,6510,3264,
2351,6257,3374,3450,6548,
6451,6525,2329,5285,

[IC基板硬板指標]
3037,8046,3189,6271,6552,

[IC設計指標]
2454,3034,2379,8299,6415,
4966,5269,3443,2458,5274,
3529,6202,8016,6462,3227,
2388,3035,4919,3006,

[IC零組件通路商指標]
3702,3036,8112,3033,6189,
3028,3224,2359,3048,3209,
3528,6227,8032,8096,3360,
3312,8068,6270,3232,6265,

[LED指標] 
2448,6271,2393,6278,6548,
3653,2340,3698,6261,2426,
2499,6288,6168,3346,3437,
3031,4944,2486,3591,5281,

[MLCC指標]
2327,2492,3026,6173,8043,

[TFT面板指標]
2409,3481,6176,8069,6116,
5371,6120,4960,8215,8104,
8105,4935,3685,8049,
5245,8240,3149,4933,3557,

[TN STN指標]
8105,5315,3038,6167,5432,

[USB IC指標]
8299,5269,6104,8054,6233,

[工業電腦指標]
2395,6414,8076,6579,3022,
6206,6166,8114,2397,8050,
3088,3479,8234,3416,6569,
4916,5490,6577,3577,6160,

[分離式元件指標]
5425,2481,5305,8255,5299,
6435,8261,3317,3675,6573,
2302,3536,2434,

[太陽能指標]
5483,3576,3691,6244,6443,
2406,6477,4934,3686,

[手機股指標]
2317,4938,2498,8101,

[手機零組件指標]
3008,2454,2409,3481,3034,
3037,2439,2313,6116,3406,
3673,8016,2367,3545,2402,
8105,3508,3622,3311,

[電腦版卡顯示]
2357,2377,2376,3022,2331,
3515,3088,2425,6150,2399,
6161,5386,2465,

[半導體指標]
2330,2408,2303,6488,5347,
2344,3532,5483,2337,6182,
3016,4919,5305,3707,2338,
8028,3661,2342,6287,

[砷化鎵相關指標]
3105,2455,8086,4991,
4971,

[石英元件指標]
3042,2484,3221,8182,6174,

[光碟指標]
2349,2323,3050,8087,

[光學鏡頭指標]
3008,3406,3019,3630,3362,
6209,4976,3441,

[印刷電路板上游]
1303,1802,2383,6274,6213,
8358,1815,4989,1612,8021,
5340,3305,3631,6234,5498,
8074,5475,3115,5381,8291,

[印刷電路指標]
4958,3044,3037,2313,8046,
2355,6278,5469,2367,8213,
2368,5349,6191,4927,6108,
2316,5439,8155,6251,6266,

[安全監控系統指標]
3454,5489,3356,2390,8072,
7402,6560,6556,3128,5484,
5251,3297,3434,6419,

[背光板指標]
6176,5371,6120,4935,3531,
8085,6246,

[音響設備及零件指標]
2477,2488,6201,2415,5225,
6247,4924,3067,

[利基型記憶體IC指標]
2408,2344,3006,5351,6198,

[記憶體模組指標]
2451,3260,8271,3054,4967,
4973,8088,8277,

[接取設備指標]
3704,2419,4905,3027,8034,
8059,

[軟板指標]
4958,6269,6153,8039,3645,
2402,3144,4939,3390,5321,
3354,3321,

[軟體指標]
6214,6180,6462,5203,4953,
6183,2480,8416,6112,3029,
5310,6123,5403,6486,2427,
6231,4188,3021,6163,5410,

[連接線材指標]
3665,3023,2392,2328,6115,
6290,3501,6220,2462,3092,
3605,6190,8103,6205,3550,
3202,3021,2440,3322,6133,

[連接器指標]
2317,3533,3023,4943,2392,
5457,6279,3003,3526,6197,
3338,3217,3605,6442,6158,
8103,3689,6185,2460,6205,

[散熱模組指標]
6230,3324,2421,3653,3017,
6124,3338,3071,3512,3483,
6275,6591,8093,6276,

[被動元件指標]
2327,2492,2456,3026,6173,
3042,2428,2478,3090,
2472,8042,6224,2375,6175,
3624,8043,2484,6449,8121,

[無塵室工程指標]
2404,5536,6139,8383,3018,
3402,

[無線網路指標]
6285,3596,5388,4906,2332,
3380,3558,3062,3694,2444,
6142,3047,6470,8176,3684,
6172,8097,

[筆記型電腦指標]
2382,2357,4938,2356,2324,
2377,2353,3231,3005,2362,
2331,2405,3213,2364,

[周邊產品指標]
2301,2385,8299,4915,2373,
8163,6277,2328,3611,1711,
5289,6188,2433,6128,2387,
8084,1586,3054,3272,3060,

[遊戲相關指標]
2354,6180,3293,5263,5478,
4994,6111,3083,6542,3546,
4916,3064,6441,3086,4946,
6169,3687,6482,

[電子代工指標]
2317,3711,2382,4938,2354,
2324,2371,3231,2345,2352,
6285,3596,5388,2312,6278,
6120,2489,4906,3380,3059,

[電池相關指標]
6121,3211,6558,8038,3323,
3625,8171,

[電信股指標]
2412,3045,4904,3682,6561,

[電信設備指標]
3025,5353,8034,

[電源相關指標]
2308,2301,6409,6412,6282,
3617,8109,3078,2420,3015,
2457,2413,3032,6203,3484,
3332,3540,3628,3296,3058,

[模具沖壓指標]
4912,4942,5243,2476,3679,
1586,3310,2483,5284,5223,
4545,3607,3290,1569,3294,
3178,1336,5460,8071,3230,

[投影機相關指標]
5371,3504,3669,6225,

[手持式設備指標]
6143,3040,8201,3632,

[顯示器指標]
2352,2489,2442,4153,4995,
3046,9912,

[磁碟陣列指標]
2495,3057,

[Internet相關指標]
5287,5278,8477,3085,8472,

[網路通訊指標]
2345,6285,3152,3596,5388,
4906,2332,3380,6245,3704,
6416,3558,3062,2419,2314,
3491,6284,6263,3694,6674,

[機殼指標]
2474,2354,5264,8210,5392,
3508,6235,5465,3032,3013,
5426,3540,3693,9136,3518,
6117,8410,3325,1471,

[鋁鎂合金指標]
2474,2354,6235,

[視訊轉換相關指標]
2485,3541,5474,2417,3466,
6152,6512,3287,

[類比IC指標]
6415,8081,6138,2436,
3257,8261,3438,3588,6291,
3288,

[變壓器指標]
2413,6292,2431,3191,3207,

[觸控面板指標]
6456,3673,3049,6283,3622,
4729,5220,3615,3623,2429,
3629,

[光纖產品指標]
3450,2466,4977,3163,6426,
3234,3363,6442,4979,8011,
3419,4908,2496,4903,8048,
3672,6530,

[光收發模組指標]
3450,4977,4908,

[光纖次模組封裝指標]
3234,6442,4979,

[光纖被動元件指標]
2466,3163,3363,8011,3419,

[設備儀器廠商指標]
2360,3563,3030,3413,6196,
2464,6223,6613,8499,3583,
2467,3455,2423,5443,6187,
6438,3167,8091,4549,2493,

[影像感測元件指標]
5305,4974,8249,

[電子相關驗證指標]
6146,3587,3289,

[其他電子通路指標]
5434,3010,8070,6192,3388,
2459,6136,6114,3114,3444,
6170,5452,8455,5345,6259,
3219,

[電子化工材料指標]
1717,5234,1785,4755,3303,
3663,

[GPS指標]
3706,6465,3306,3499,3632,
5348,

[電子商務指標]
8454,8044,5287,2614,6183,
6136,2928,9960,3085,2734,

[車用電子指標]
2308,2231,6285,2458,3706,
2355,6202,8016,5425,3227,
2481,4919,8255,3552,5471,
6138,2436,1533,3556,2497,

[無線充電指標]
2308,2454,2301,6415,4915,
6202,4919,3260,3078,5471,
6138,4952,3015,3540,6155,
3296,2431,6243,3465,

[機器人指標]
2317,2357,2395,4938,2324,
2049,1504,1503,9925,6166,
2464,6188,5443,8234,6125,
3498,4523,

[穿戴式裝置指標]
2317,2382,2357,4938,2356,
2324,2353,2385,3706,2312,
6153,2402,2413,3632,8101,

[雲端指標]
2317,2412,3045,4904,2382,
2357,2395,2356,2354,2324,
2377,2353,3231,3682,3706,
2376,6214,6277,3022,4906,

[樞紐指標] skip
3376,1582,3548,4999,

[營件指標] skip
2542,9945,2923,5522,5534,
2501,2534,2548,1808,2547,
2539,2520,5531,2524,2545,
2505,6177,2597,5508,2527,

[營造指標] skip
9933,2511,3703,2515,2520,
2597,5512,2535,1535,5511,
5515,2546,5521,5519,3052,
2543,2516,8426,3489,6122,

[務業租貸指標] skip
2923,1903,2706,5512,2701,
5525,4416,1437,3040,
1432,1435,5304,8934,

[航空指標]
2618,2610,5607,2636,5609,
2643,

[貨櫃航運指標] skip
2603,2615,2609,2208,2614,
2636,8367,5601,2613,

[散裝航運指標] skip
2606,2637,2208,2605,2614,
2617,2601,2612,5608,2641,

[陸運指標] skip
2608,2607,2612,2616,5604,
2642,2611,1443,5603,

[觀光百貨指標] skip
2912,5903,2915,5904,2903,
2707,2908,2913,9943,2704,
5907,2601,2731,2926,2701,
2910,2939,2712,2722,8433,

[餐飲指標] skip
2723,2727,2729,1268,1233,
2732,1259,3522,2726,8940,
2740,

[飯店指標] skip
2707,2511,2514,2704,2706,
2748,2712,2739,2722,2702,
2705,8077,5703,5905,5704,
3252,2736,2718,5701,5364,

[金控指標] skip
2882,2881,2891,2886,2892,
5880,2884,2880,2885,2883,
2887,2890,2888,5820,2889,

[保險指標] skip
2823,2867,2850,2851,2832,
2852,2816,5878,

[證券指標] skip
6005,2855,6023,6024,6016,
6021,6020,6015,5864,6026,

[銀行指標] skip
5876,2801,2834,2812,2845,
2809,2838,2849,2897,2836,

[金融其他指標] skip
5871,2889,2820,

[中概股指標] skip
2317,1301,1303,1216,2308,
2002,2912,1101,1402,5871,
2105,9910,1102,9904,2356,
2618,2227,1590,2347,9921,

[傳產外銷指標] skip
1301,1303,2105,9910,9904,
1476,9921,2027,9914,8436,
1477,1717,1536,2231,1565,
2106,2103,2101,1789,9907,

[環保水利指標] skip
8341,8422,6803,6581,8473,
6179,6641,4556,8390,9955,
8440,1516,

[資產股指標] skip
1402,2371,1722,1504,2201,
1314,2101,1503,1440,1409,
2206,1702,2035,1532,1419,
1234,1201,2913,1903,

[自行車指標] skip
9921,9914,5306,3162,1517,
1526,8933,

[高爾夫球指標] skip
6670,8938,8924,8928,9960,
8420,

[製瓶罐指標] skip
9907,9939,9905,8411,8488,

[傳播出版印刷指標] skip
6464,6184,8481,8497,9929,
8421,3284,8401,6240,9928,
8921,8906,8923,

[服務業指標] skip
9917,5530,9940,9925,8437,
3130,2348,2540,6294,2496,
5481,6199,6169,4804,

[其他傳統產業指標] skip
9910,9940,8464,9921,9945,
9914,9917,9933,9941,8341,
9940,9907,9938,8422,9939,
9925,6464,9930,5306,2208,

[文創產業指標] skip
6180,3293,5478,4994,4803,
2926,6111,8446,6101,3083,
3546,8450,3064,5278,6625,
8497,6596,3086,4946,6169,















