[OTC-生技醫療] skip
8436,4147,6446,1565,4174,
4123,8406,4105,1795,4162,
4736,4157,3176,4107,
4128,4152,6492,4114,6547,

[OTC-紡織]
4401,4417,4432,4420,4433,
4429,4406,4413,4419,4402,

[OTC-電機機械] skip
4506,8255,9951,1597,1580,
8083,2233,4528,3226,4549,
2066,1586,3162,8027,4563,
4502,4535,4527,6609,1599,

[OTC-化工]
4721,6509,4707,6506,4706,
1787,4716,4714,4741,1742,
4711,4754,4702,4767,

[OTC-鋼鐵]
8415,2035,8349,5009,5013,
5015,5016,2063,5014,2064,
9962,2065,8930,5011,6248,

[OTC-電子] skip
6488,5347,3105,8299,6147,
6121,4966,5483,8069,6274,
3081,3529,5274,5371,3563,
3152,6182,6146,6510,3264,

[OTC-建材營造]
5508,5512,5213,4416,6212,
5511,4907,5514,4113,2596,
5206,3188,6219,5455,8424,
6186,5520,5523,5324,6171,

[OTC-航運]
5604,5609,5601,2641,5603,
2643,

[OTC-觀光]
8462,2729,1268,5301,2732,
1259,8077,2726,5703,2928,
3252,5704,2736,2718,2745,
5701,4804,2740,2734,2719,

[OTC-半導體] skip
6488,5347,3105,8299,6147,
4966,5483,3529,5274,6182,
6510,3264,5425,6462,3227,
4947,3260,3374,8086,3707,

[OTC-電腦與周邊設備] skip
6121,8076,3611,5289,6188,
3211,8050,3088,3479,8234,
3323,5465,5356,5474,5490,
6123,3272,3071,3213,6577,

[OTC-光電] skip
8069,5371,3630,6548,3691,
3362,6244,5392,3455,5443,
3685,8064,6125,8049,5245,
5315,4944,3522,8240,6234,

[OTC-通信網路] skip
3081,3152,6561,6245,3558,
3491,6263,3163,6143,3234,
6426,4905,6190,3363,4979,
6486,3290,3221,4909,4908,

[OTC-電子零組件] skip
6274,6173,5457,6279,5317,
8358,5349,1815,6290,8109,
3078,3388,6284,8042,6124,
3548,6175,5227,3624,3526,

[OTC-電子通路] skip
3224,8084,6227,8032,3360,
8096,6154,8068,6118,3444,
6270,3232,6265,6113,8067,

[OTC-資訊服務] skip
4953,8416,5310,5403,6231,
5410,5202,8099,6221,5209,
3085,5212,5201,3570,3147,
6240,6148,6593,5211,5210,

[OTC-其他電子] skip
3563,6146,3324,5536,6238,
1785,3552,6613,5489,8383,
3587,6187,6438,3541,3508,
3289,3131,3498,8183,3402,

[OTC-文化創意]
6180,3293,5263,5478,4803,
2926,6111,8489,8446,6101,
3083,6542,3546,3064,6294,
8450,6596,4946,3086,6169,
3687,6144,

[OTC-電子商務]
8044,5287,5278,8477,8472,

[OTC-其他]
5530,5306,8942,6803,8437,
8444,8916,8938,8936,2640,
6179,4529,4541,8905,8933,
4430,8924,8913,4556,8435,



