[TSE-水泥]
1101,1102,1104,1103,1110,
1109,1108,

[TSE-食品]
1216,1227,1229,1210,1225,
1232,1702,1215,1234,1201,
1218,1231,1203,1737,1219,
1256,1233,1217,1235,1220,

[TSE-塑膠]
1301,1326,1303,1314,1319,
1312,1313,1304,1310,1305,
1307,1308,4306,1321,1315,
1323,1309,1339,1340,1341,
6505,

[TSE-紡織]
1402,1476,1434,1477,1440,
1409,1419,4414,4438,1444,
1447,1464,4426,1460,1455,
1451,1457,1446,1439,1459,

[TSE-電機機械]
2049,1590,2371,1504,1536,
2231,1507,1503,1532,4532,
1515,1537,6605,4551,5288,
1558,1513,1560,1522,1527,

[TSE-電器電纜]
1605,1614,1608,1609,1604,
1611,1612,1618,1617,
1615,1626,4930,1616,

[TSE-化學生技醫療]
1722,1723,1717,1707,3708,
1710,1789,4137,6541,1718,
4766,6452,1773,1726,3705,
1736,1711,4739,1760,6666

[TSE-玻璃陶瓷]
1802,1806,1810,1817,1809,

[TSE-造紙]
1904,1907,1909,1905,1903,
1902,1906,

[TSE-鋼鐵]
2002,2027,2015,2006,2023,
2014,5007,9958,2034,2031,
2010,2012,2029,5538,2013,
3004,2030,2069,2009,2020

[TSE-橡膠]
2105,2104,2106,2103,2101,
2108,2107,2114,2102,6582,
2109,2115,

[TSE-汽車]
2207,2227,2204,2201,2206,
2239,1338,2243,

[TSE-電子] skip
2330,2317,2412,3008,2308,
2454,3045,3711,4904,2382,
2408,2474,2357,2395,2303,
2327,4938,2409,3481,2301,

[TSE-建材營造]
2542,2923,5522,2501,5534,
2548,2534,1808,2511,2547,
3703,2504,2515,2539,2520,
2524,5531,2545,2505,6177,

[TSE-航運]
2633,2618,2610,2603,2615,
2634,2606,2637,2609,2608,
2607,2208,2605,2617,2612,
5608,5607,2636,2630,2642,

[TSE-觀光]
2723,2707,9943,2704,2706,
2727,2731,2701,2748,2712,
2739,2722,2702,2705,5706,
8940,

[TSE-金融保險]
2882,2881,2891,2886,2892,
5880,2884,2880,2885,5876,
2801,2883,2887,2890,2823,
2888,2834,2812,2809,2845,
5820,

[TSE-貿易百貨]
2912,2915,8454,2903,2905,
2908,2913,2614,2601,2929,
5907,2910,2939,8429,2906,
4807,2936,2911,2901,1432,

[TSE-化工] 
4755,1722,1723,1717,1710,
1718,4766,1773,1726,1711,
4739,1709,1712,3708,4725,
1714,4764,4763,1708,1730,

[TSE-生技醫療] skip
1707,1789,4137,6541,6452,
3705,1736,4190,6666,1760,
4104,4119,1701,1720,4142,
4164,4746,1786,4148,1734,

[TSE-半導體] skip
2330,2454,3711,2408,2303,
3034,2379,2344,6239,3532,
6415,2337,5269,2451,2449,
3443,2458,2441,3189,8150,

[TSE-電腦與周邊設備] skip
2382,2357,2395,4938,2301,
2356,2324,2377,2353,3231,
2352,2376,3706,3005,5264,
2362,6414,6230,8163,6277,

[TSE-光電] skip
3008,2409,3481,6176,6456,
2448,6116,3406,3019,3673,
3576,2349,2393,2323,6120,
6278,5234,2489,3504,3454,

[TSE-網路通信] skip
2412,3045,4904,2345,6285,
3682,2439,2498,3596,5388,
2455,2450,4906,3380,2332,
2485,3704,6416,3062,4977,

[TSE-電子零組件] skip
2308,2327,2492,4958,2385,
3044,3037,2059,2313,2383,
6269,8046,3533,4915,2456,
3023,3026,6213,6412,3376,

[TSE-電子通路] skip
3702,2347,3036,5434,3010,
8112,8070,3033,6281,6189,
3028,2459,2430,2414,3048,
3209,3055,3528,8072,3312,

[TSE-資訊服務] skip
6214,4994,5203,3130,6183,
2480,6112,3029,2427,2453,
2468,2471,

[TSE-其他電子] skip
2317,2474,2354,2360,6409,
3665,2373,2404,2312,3030,
3450,6196,2464,6192,3617,
2433,6139,6283,6558,2423,

[TSE-電油燃氣]
6505,9908,8926,9937,9926,
9918,2616,9931